22941978
634973
393731
610711
20275673
297979
21298168
12520919
23186482
18129246
12040115
668367
529074
24686450
24206264
56620
18388135
23644052
92421
632286
18070675
24544115
24171500
24733701
864182
19557740
714220
22509665
23619220
294157
818341
737527
634974
52077
51200
20755223
23617829
351062
381737
317073
24622716
23909897
22941978
21142513
23558006
423846
520025
2736301
733430
20206784
213572
240921
24171500
578571
160584
317253
934372
23558006
796852
351574
213572
188429
139236
213780
24419851
613267
595867
373078
422939
298039
22919545
24775199
274748
23336408
24887213
235171
518001
24634408
177612
24305630
412073
24887213
145134
821511
638062
377871
291267
20035480
20464108
695192
23632250
24788294
898435
303179
537051
370152
397802
224861
397170
236210
392167
22743539
25059529
412073
15667596
24019598
278107
24558577
24518908
23619960
24322213
377871
24925028
245836
23789238
381737
937430
529981
23789238
317276
958165
968421
24240064
222471
23972958
407317
25313230
25288433
347591
24244557
17280035
294157
214183
24339665
24738061
324188
457041
509128
347608
537026
298087
734768
24440705
347580
632930
937430
327644
679135
24649434
500558
780153
25081931
24370596
542791
19397617
500666
460298
23612288
24701351
23831618
25329572
653261
921720
21408690
26127918
23336408
513234
20037382
337624
513236
21208089
26337153
25984920
26837470
224300
